1.500000000000000000e+02 1.240000000000000000e+02 9.927301961709116343e-03 4.801334812789622916e-03
1.520000000000000000e+02 1.060000000000000000e+02 1.540227059259849200e-02 4.900160177223355541e-03
1.540000000000000000e+02 9.300000000000000000e+01 2.502414195600826882e-02 4.936486179698218457e-03
1.560000000000000000e+02 8.300000000000000000e+01 3.756423254706996867e-02 4.881207175642780088e-03
1.580000000000000000e+02 7.500000000000000000e+01 4.379089263528587045e-02 4.816430650832267436e-03
1.600000000000000000e+02 7.000000000000000000e+01 4.379089263528587045e-02 4.708924040942588478e-03
1.620000000000000000e+02 6.800000000000000000e+01 4.379089263528587045e-02 5.054478248687837086e-03
1.640000000000000000e+02 6.700000000000000000e+01 4.379089263528587045e-02 4.825234512749455168e-03
1.660000000000000000e+02 6.700000000000000000e+01 4.379089263528587045e-02 4.911581024756199627e-03
1.680000000000000000e+02 6.700000000000000000e+01 4.379089263528587045e-02 4.850160687656260121e-03
1.700000000000000000e+02 6.700000000000000000e+01 4.379089263528587045e-02 4.915704441181400347e-03
1.720000000000000000e+02 6.600000000000000000e+01 4.379089263528587045e-02 4.754180025123344588e-03
1.740000000000000000e+02 6.600000000000000000e+01 4.379089263528587045e-02 4.863785128163997454e-03
1.760000000000000000e+02 6.600000000000000000e+01 4.379089263528587045e-02 4.988104206553711784e-03
1.780000000000000000e+02 6.700000000000000000e+01 4.379089263528587045e-02 4.938220326792929632e-03
1.800000000000000000e+02 6.800000000000000000e+01 4.379089263528587045e-02 4.862040471086895820e-03
1.820000000000000000e+02 7.000000000000000000e+01 4.379089263528587045e-02 4.893440795147284590e-03
1.840000000000000000e+02 7.200000000000000000e+01 4.379089263528587045e-02 4.848328447392555134e-03
1.860000000000000000e+02 7.300000000000000000e+01 4.379089263528587045e-02 4.769265353183596914e-03
1.880000000000000000e+02 7.400000000000000000e+01 4.379089263528587045e-02 4.813620982206089256e-03
1.900000000000000000e+02 7.500000000000000000e+01 4.379089263528587045e-02 4.810513530745466441e-03
1.920000000000000000e+02 7.600000000000000000e+01 4.379089263528587045e-02 4.879045622597453016e-03
1.940000000000000000e+02 7.800000000000000000e+01 4.379089263528587045e-02 4.907391045109181678e-03
1.960000000000000000e+02 8.000000000000000000e+01 4.379089263528587045e-02 4.886780969638102740e-03
1.980000000000000000e+02 8.400000000000000000e+01 4.379089263528587045e-02 4.999444477554881514e-03
2.000000000000000000e+02 9.100000000000000000e+01 3.435764742919614201e-02 4.954293593198047345e-03
2.020000000000000000e+02 1.030000000000000000e+02 2.462893508811486026e-02 5.033493317178103221e-03
2.040000000000000000e+02 1.200000000000000000e+02 1.641603196420166402e-02 5.000719688751800208e-03
2.060000000000000000e+02 1.440000000000000000e+02 1.016398676518116481e-02 4.580733785705083487e-03
2.080000000000000000e+02 1.740000000000000000e+02 5.615431042233489864e-03 4.043684195446727893e-03
2.100000000000000000e+02 2.280000000000000000e+02 2.904226937760465404e-03 3.963692719459792520e-03
