1.500000000000000000e+02 1.360000000000000000e+02 1.938949516263439171e-02 2.362565567228416125e-02
1.520000000000000000e+02 1.140000000000000000e+02 2.360768360239352132e-02 2.481843882896465209e-02
1.540000000000000000e+02 9.900000000000000000e+01 2.218721744215990110e-02 2.416669204919662597e-02
1.560000000000000000e+02 8.800000000000000000e+01 2.226538718786551588e-02 2.459018653469860829e-02
1.580000000000000000e+02 8.100000000000000000e+01 2.137043941554228957e-02 2.481266359364014962e-02
1.600000000000000000e+02 7.600000000000000000e+01 2.123201944410972597e-02 2.525634600365377416e-02
1.620000000000000000e+02 7.300000000000000000e+01 2.175696153465227906e-02 2.500693185984105213e-02
1.640000000000000000e+02 7.200000000000000000e+01 2.154866944861272629e-02 2.514344076614197579e-02
1.660000000000000000e+02 7.100000000000000000e+01 2.230109660470670427e-02 2.475326817981443259e-02
1.680000000000000000e+02 7.100000000000000000e+01 2.246432714123975868e-02 2.477317233480150552e-02
1.700000000000000000e+02 7.100000000000000000e+01 2.268342524084221781e-02 2.519604147635114144e-02
1.720000000000000000e+02 7.000000000000000000e+01 2.249599897317861377e-02 2.518718856784945073e-02
1.740000000000000000e+02 6.900000000000000000e+01 2.323526062466265557e-02 2.448430371708850903e-02
1.760000000000000000e+02 6.900000000000000000e+01 2.216840107035041724e-02 2.474267061423564285e-02
1.780000000000000000e+02 7.000000000000000000e+01 2.362412646984610523e-02 2.516691656347866055e-02
1.800000000000000000e+02 7.100000000000000000e+01 2.301734840140677932e-02 2.425841792052443879e-02
1.820000000000000000e+02 7.300000000000000000e+01 2.336109839550804326e-02 2.457919309311637143e-02
1.840000000000000000e+02 7.500000000000000000e+01 2.482132031580384923e-02 2.476272190897619782e-02
1.860000000000000000e+02 7.700000000000000000e+01 2.259443021327264822e-02 2.488514743887158820e-02
1.880000000000000000e+02 7.800000000000000000e+01 2.264801360683546885e-02 2.490731299173671795e-02
1.900000000000000000e+02 7.900000000000000000e+01 2.290627365249495520e-02 2.499072721865603849e-02
1.920000000000000000e+02 7.900000000000000000e+01 2.433647030476001130e-02 2.443752378546088649e-02
1.940000000000000000e+02 8.000000000000000000e+01 2.329476814496721226e-02 2.461562069208769049e-02
1.960000000000000000e+02 8.300000000000000000e+01 2.347772416678666971e-02 2.456117197664123633e-02
1.980000000000000000e+02 8.700000000000000000e+01 2.286888964512594560e-02 2.482177750003790317e-02
2.000000000000000000e+02 9.400000000000000000e+01 2.464838205886786884e-02 2.515331839792689719e-02
2.020000000000000000e+02 1.060000000000000000e+02 2.444499287961426209e-02 2.489537890673038795e-02
2.040000000000000000e+02 1.260000000000000000e+02 2.430723503707241454e-02 2.480823013273437266e-02
2.060000000000000000e+02 1.550000000000000000e+02 2.046950270491924503e-02 2.495560636082881645e-02
2.080000000000000000e+02 2.010000000000000000e+02 1.967995253935233071e-02 2.437978544552567642e-02
2.100000000000000000e+02 2.750000000000000000e+02 1.943898666971919861e-02 2.431428022860264437e-02
