1.500000000000000000e+02 1.550000000000000000e+02 7.089096981672635134e-02 6.012719587306041003e-02
1.510000000000000000e+02 1.570000000000000000e+02 7.852595703551290551e-02 5.938216774457052982e-02
1.520000000000000000e+02 1.510000000000000000e+02 8.071067408203172477e-02 5.760470550909402299e-02
1.530000000000000000e+02 1.490000000000000000e+02 8.808546216340744361e-02 5.808109498431214546e-02
1.540000000000000000e+02 1.460000000000000000e+02 8.758294487196235933e-02 5.939106969965670529e-02
1.550000000000000000e+02 1.470000000000000000e+02 9.183218330303546950e-02 6.068817318989831039e-02
1.560000000000000000e+02 1.450000000000000000e+02 9.369839533315907354e-02 5.946186143772301536e-02
1.570000000000000000e+02 1.440000000000000000e+02 9.783402786122755157e-02 5.882230798919365483e-02
1.580000000000000000e+02 1.440000000000000000e+02 9.506313056009435547e-02 6.083002642224565049e-02
1.590000000000000000e+02 1.440000000000000000e+02 9.872676678558470198e-02 5.971635715802235678e-02
1.600000000000000000e+02 1.420000000000000000e+02 1.016128499904087878e-01 5.857825568806467736e-02
1.610000000000000000e+02 1.410000000000000000e+02 1.053892443136574125e-01 5.971142447295295363e-02
1.620000000000000000e+02 1.400000000000000000e+02 1.099431145843680763e-01 5.988056161959040558e-02
1.630000000000000000e+02 1.380000000000000000e+02 1.130309369012102022e-01 5.941939410220364870e-02
1.640000000000000000e+02 1.350000000000000000e+02 1.182724542998768447e-01 5.837794243032452812e-02
1.650000000000000000e+02 1.310000000000000000e+02 1.258504073475484875e-01 5.954483074205439708e-02
1.660000000000000000e+02 1.270000000000000000e+02 1.352896397402743034e-01 5.996129580099973655e-02
1.670000000000000000e+02 1.250000000000000000e+02 1.463539991803567697e-01 6.000923533401796711e-02
1.680000000000000000e+02 1.210000000000000000e+02 1.542563533445456270e-01 5.962699077774159112e-02
1.690000000000000000e+02 1.180000000000000000e+02 1.611224968147416114e-01 5.937361261890327507e-02
1.700000000000000000e+02 1.140000000000000000e+02 1.709296381477608817e-01 5.897132902953246963e-02
1.710000000000000000e+02 1.120000000000000000e+02 1.776357005728139427e-01 6.130183004181330442e-02
1.720000000000000000e+02 1.080000000000000000e+02 1.884435218526855915e-01 5.942914386253612957e-02
1.730000000000000000e+02 1.060000000000000000e+02 1.911969235364632258e-01 6.104159236780037218e-02
1.740000000000000000e+02 1.030000000000000000e+02 1.983529007910885544e-01 5.958683563834851066e-02
1.750000000000000000e+02 1.000000000000000000e+02 2.003140670087980857e-01 5.974884351359660561e-02
1.760000000000000000e+02 9.900000000000000000e+01 2.074895052474862722e-01 6.004838852175633374e-02
1.770000000000000000e+02 9.600000000000000000e+01 2.078507088190134633e-01 5.933831309137539006e-02
1.780000000000000000e+02 9.500000000000000000e+01 2.121172887210337199e-01 5.967577811600613402e-02
1.790000000000000000e+02 9.300000000000000000e+01 2.110544106983843760e-01 6.019448078033518001e-02
1.800000000000000000e+02 9.100000000000000000e+01 2.133592463336635159e-01 5.866288206628657298e-02
1.810000000000000000e+02 9.000000000000000000e+01 2.134117717223321942e-01 5.984645672672776057e-02
1.820000000000000000e+02 8.800000000000000000e+01 2.152038778666084951e-01 5.966140396342108770e-02
1.830000000000000000e+02 8.600000000000000000e+01 2.119607915798865927e-01 5.951126536162121977e-02
1.840000000000000000e+02 8.500000000000000000e+01 2.117356222137889432e-01 5.965392786261276836e-02
1.850000000000000000e+02 8.300000000000000000e+01 2.096529500896432696e-01 6.006056608802139152e-02
1.860000000000000000e+02 8.100000000000000000e+01 2.075402579524581181e-01 5.944821948057794209e-02
1.870000000000000000e+02 7.900000000000000000e+01 2.050957271345495159e-01 5.930917942018425204e-02
1.880000000000000000e+02 7.700000000000000000e+01 1.999118219560293563e-01 6.005162559633311914e-02
1.890000000000000000e+02 7.500000000000000000e+01 1.969140982149079899e-01 6.014322709953594942e-02
1.900000000000000000e+02 7.300000000000000000e+01 1.902713128905108020e-01 6.089214742483840120e-02
1.910000000000000000e+02 7.000000000000000000e+01 1.832873244910787069e-01 5.974448887755876014e-02
1.920000000000000000e+02 6.800000000000000000e+01 1.731584025304852836e-01 5.987270015276106166e-02
1.930000000000000000e+02 6.600000000000000000e+01 1.634447509941720500e-01 5.910046518318527037e-02
1.940000000000000000e+02 6.500000000000000000e+01 1.518560240092511060e-01 6.071152637077375375e-02
1.950000000000000000e+02 6.300000000000000000e+01 1.484036068998965396e-01 5.987836503327043786e-02
1.960000000000000000e+02 6.200000000000000000e+01 1.412324462240419909e-01 6.033652669569306015e-02
1.970000000000000000e+02 6.100000000000000000e+01 1.366249715398036857e-01 5.993967676721900090e-02
1.980000000000000000e+02 6.100000000000000000e+01 1.338302586185698417e-01 6.075202833958576881e-02
1.990000000000000000e+02 6.100000000000000000e+01 1.332898598472558593e-01 6.110167093048157749e-02
2.000000000000000000e+02 6.100000000000000000e+01 1.314904702851817930e-01 5.909726664521058187e-02
2.010000000000000000e+02 6.300000000000000000e+01 1.316989533025680892e-01 6.069649709595292125e-02
2.020000000000000000e+02 6.500000000000000000e+01 1.284290840773834874e-01 5.915715252488126796e-02
2.030000000000000000e+02 6.800000000000000000e+01 1.274923748900248788e-01 6.002468851146194884e-02
2.040000000000000000e+02 7.300000000000000000e+01 1.284960606918414128e-01 6.006137535666560001e-02
2.050000000000000000e+02 7.800000000000000000e+01 1.274521426774276045e-01 6.022033884034742879e-02
2.060000000000000000e+02 8.400000000000000000e+01 1.258236629456878364e-01 5.983543525852582506e-02
2.070000000000000000e+02 9.300000000000000000e+01 1.266017169421814192e-01 6.059884534621964164e-02
2.080000000000000000e+02 1.010000000000000000e+02 1.228074416355562221e-01 5.941056922032167398e-02
2.090000000000000000e+02 1.120000000000000000e+02 1.175820710731714097e-01 6.113920558093154795e-02
2.100000000000000000e+02 1.220000000000000000e+02 1.110898867897992942e-01 5.904277588983455893e-02
2.110000000000000000e+02 1.340000000000000000e+02 1.042294082001127137e-01 5.981435573717457099e-02
2.120000000000000000e+02 1.490000000000000000e+02 9.550298733651726990e-02 5.985281526607504066e-02
2.130000000000000000e+02 1.620000000000000000e+02 8.365637341031176288e-02 5.930917942018423816e-02
2.140000000000000000e+02 1.810000000000000000e+02 7.289988288444361475e-02 6.016573247516508738e-02
2.150000000000000000e+02 1.950000000000000000e+02 6.177062780641682377e-02 5.835351022459017017e-02
2.160000000000000000e+02 2.180000000000000000e+02 5.006737004004073455e-02 6.035895499811798348e-02
2.170000000000000000e+02 2.350000000000000000e+02 4.137644138698370888e-02 5.894874658069912399e-02
2.180000000000000000e+02 2.600000000000000000e+02 3.281638303467418472e-02 5.847567125326200849e-02
2.190000000000000000e+02 2.850000000000000000e+02 2.701693271073589420e-02 5.801716276142045853e-02
