1.500000000000000000e+02 1.220000000000000000e+02 1.161007626248693886e-02 4.387045320199472846e-03
1.510000000000000000e+02 1.120000000000000000e+02 9.925776262598516586e-03 4.455293642526869310e-03
1.520000000000000000e+02 1.060000000000000000e+02 1.303016931834564442e-02 4.552425148131728806e-03
1.530000000000000000e+02 9.600000000000000000e+01 1.632953831244143145e-02 4.174284739979505082e-03
1.540000000000000000e+02 9.200000000000000000e+01 2.094591495176588783e-02 4.419358261064250913e-03
1.550000000000000000e+02 8.800000000000000000e+01 2.743615313673170714e-02 5.399671613704286159e-03
1.560000000000000000e+02 8.500000000000000000e+01 3.446763789825784546e-02 5.419903329809246106e-03
1.570000000000000000e+02 8.100000000000000000e+01 4.245847210087905915e-02 5.514992395502558466e-03
1.580000000000000000e+02 7.500000000000000000e+01 5.310239721199944141e-02 4.941297999970107463e-03
1.590000000000000000e+02 7.100000000000000000e+01 6.329844993345916382e-02 4.556221003439041642e-03
1.600000000000000000e+02 7.000000000000000000e+01 6.960908828431609796e-02 4.323729682941475187e-03
1.610000000000000000e+02 6.800000000000000000e+01 7.498927964565645088e-02 4.214189391458907953e-03
1.620000000000000000e+02 6.700000000000000000e+01 8.623123501653841283e-02 4.446468760644897190e-03
1.630000000000000000e+02 6.700000000000000000e+01 9.330950321301961781e-02 4.341552861414891933e-03
1.640000000000000000e+02 6.700000000000000000e+01 1.010697343886464011e-01 4.396043616790916604e-03
1.650000000000000000e+02 6.600000000000000000e+01 1.088270945874163925e-01 4.314673581446874795e-03
1.660000000000000000e+02 6.600000000000000000e+01 1.128724551250546715e-01 4.446603638752264116e-03
1.670000000000000000e+02 6.600000000000000000e+01 1.198258261941146097e-01 4.312785287943743905e-03
1.680000000000000000e+02 6.700000000000000000e+01 1.219915639640968413e-01 4.703970335908403549e-03
1.690000000000000000e+02 6.700000000000000000e+01 1.267192921152028029e-01 4.514466595058614327e-03
1.700000000000000000e+02 6.600000000000000000e+01 1.306985623802315311e-01 4.419300456161094279e-03
1.710000000000000000e+02 6.600000000000000000e+01 1.348577407721860411e-01 4.436757536914516693e-03
1.720000000000000000e+02 6.600000000000000000e+01 1.389183810725587997e-01 4.533638554605695127e-03
1.730000000000000000e+02 6.600000000000000000e+01 1.437163036443984132e-01 4.553234416775926892e-03
1.740000000000000000e+02 6.500000000000000000e+01 1.462705289001980102e-01 4.662736171656390281e-03
1.750000000000000000e+02 6.500000000000000000e+01 1.485694106304519257e-01 4.561211493411597949e-03
1.760000000000000000e+02 6.500000000000000000e+01 1.508790248043920534e-01 4.757324261522340517e-03
1.770000000000000000e+02 6.500000000000000000e+01 1.493622241455516420e-01 4.399935813603489052e-03
1.780000000000000000e+02 6.500000000000000000e+01 1.463750594334070065e-01 4.594834678747934491e-03
1.790000000000000000e+02 6.600000000000000000e+01 1.427984388554690565e-01 4.297794549725020459e-03
1.800000000000000000e+02 6.700000000000000000e+01 1.363499743471846548e-01 4.541654167843470029e-03
1.810000000000000000e+02 6.800000000000000000e+01 1.278398016262996817e-01 4.265693560171817875e-03
1.820000000000000000e+02 6.900000000000000000e+01 1.251218728847593997e-01 4.337564323097057271e-03
1.830000000000000000e+02 7.000000000000000000e+01 1.136166161799971874e-01 4.645144212795601808e-03
1.840000000000000000e+02 7.000000000000000000e+01 1.111509287675331026e-01 4.384424831256354162e-03
1.850000000000000000e+02 7.200000000000000000e+01 1.041797730566018654e-01 4.469301697391922165e-03
1.860000000000000000e+02 7.200000000000000000e+01 9.794801913025322215e-02 4.593524434276376016e-03
1.870000000000000000e+02 7.300000000000000000e+01 9.462633744353883547e-02 4.684971791070795255e-03
1.880000000000000000e+02 7.300000000000000000e+01 8.940934859211178976e-02 4.547820024180219620e-03
1.890000000000000000e+02 7.400000000000000000e+01 8.576318871567592539e-02 4.613852491886597310e-03
1.900000000000000000e+02 7.400000000000000000e+01 8.094191296296088245e-02 4.772970121976842332e-03
1.910000000000000000e+02 7.500000000000000000e+01 7.665735573605882147e-02 4.367218238416611074e-03
1.920000000000000000e+02 7.400000000000000000e+01 7.308468515983661262e-02 4.410244354666492152e-03
1.930000000000000000e+02 7.600000000000000000e+01 6.755464422121218449e-02 4.613640540575020960e-03
1.940000000000000000e+02 7.500000000000000000e+01 6.227196973149771303e-02 4.228794763656582543e-03
1.950000000000000000e+02 7.600000000000000000e+01 5.727799219645048762e-02 4.237735255344869667e-03
1.960000000000000000e+02 7.800000000000000000e+01 5.222568951411785815e-02 4.658400803919614079e-03
1.970000000000000000e+02 8.000000000000000000e+01 4.678060251483318749e-02 4.512424155147065456e-03
1.980000000000000000e+02 8.300000000000000000e+01 4.088758532098472204e-02 4.850621375217784199e-03
1.990000000000000000e+02 8.500000000000000000e+01 3.576963553696673598e-02 4.481421458753846732e-03
2.000000000000000000e+02 8.800000000000000000e+01 3.117166012514725748e-02 4.543966363969751017e-03
2.010000000000000000e+02 9.200000000000000000e+01 2.680191773929279861e-02 4.435273877733486581e-03
2.020000000000000000e+02 9.800000000000000000e+01 2.271256767035201990e-02 4.616896883452866959e-03
2.030000000000000000e+02 1.060000000000000000e+02 1.904744778568066496e-02 4.349857499168451741e-03
2.040000000000000000e+02 1.140000000000000000e+02 1.546785988938066680e-02 4.471151454292948343e-03
2.050000000000000000e+02 1.280000000000000000e+02 1.246239029123626454e-02 4.526509283216327735e-03
2.060000000000000000e+02 1.390000000000000000e+02 9.876391607001362358e-03 4.431362412619861343e-03
2.070000000000000000e+02 1.570000000000000000e+02 7.657877960436737519e-03 4.560845395691602751e-03
2.080000000000000000e+02 1.780000000000000000e+02 5.534068013544376184e-03 4.375754095782800022e-03
2.090000000000000000e+02 2.040000000000000000e+02 4.322284560362548919e-03 4.390166784969951920e-03
2.100000000000000000e+02 2.320000000000000000e+02 3.295688748594786163e-03 4.433674608746141464e-03
