1.500000000000000000e+02 2.130000000000000000e+02 3.639760873656363444e-02 3.744684480206789123e-02
1.510000000000000000e+02 1.750000000000000000e+02 2.849881920806945912e-02 3.554620031796376645e-02
1.520000000000000000e+02 1.710000000000000000e+02 3.980073753182628710e-02 3.688879626698995939e-02
1.530000000000000000e+02 1.640000000000000000e+02 4.082037748691415974e-02 3.571129112138023837e-02
1.540000000000000000e+02 1.620000000000000000e+02 4.075486526333617354e-02 3.953624156328077593e-02
1.550000000000000000e+02 1.560000000000000000e+02 4.157228439887972193e-02 3.555891739665831275e-02
1.560000000000000000e+02 1.550000000000000000e+02 4.025271406961108273e-02 3.598888953464134816e-02
1.570000000000000000e+02 1.540000000000000000e+02 4.016654622730501251e-02 3.649722585300424482e-02
1.580000000000000000e+02 1.530000000000000000e+02 4.111038468605295731e-02 3.678871671132409593e-02
1.590000000000000000e+02 1.530000000000000000e+02 3.904301159294291251e-02 3.642895826237579210e-02
1.600000000000000000e+02 1.500000000000000000e+02 3.929028170034762346e-02 3.634144163899605262e-02
1.610000000000000000e+02 1.480000000000000000e+02 4.060703885766261262e-02 3.655327734076550122e-02
1.620000000000000000e+02 1.460000000000000000e+02 3.988033488347351302e-02 3.671800204646197968e-02
1.630000000000000000e+02 1.430000000000000000e+02 4.032814946823101016e-02 3.650491390512412837e-02
1.640000000000000000e+02 1.400000000000000000e+02 3.909264673645374694e-02 3.671004423812737616e-02
1.650000000000000000e+02 1.350000000000000000e+02 4.004584958951312723e-02 3.613590667167071446e-02
1.660000000000000000e+02 1.320000000000000000e+02 3.975630482959958273e-02 3.648102121181922425e-02
1.670000000000000000e+02 1.280000000000000000e+02 3.927168778983210901e-02 3.558352301710215881e-02
1.680000000000000000e+02 1.240000000000000000e+02 4.038701412794589579e-02 3.631517894466171348e-02
1.690000000000000000e+02 1.210000000000000000e+02 3.853987771586413896e-02 3.561888034953321347e-02
1.700000000000000000e+02 1.170000000000000000e+02 3.988151024983770110e-02 3.618929913388675701e-02
1.710000000000000000e+02 1.130000000000000000e+02 3.996896906831428481e-02 3.591455242918140806e-02
1.720000000000000000e+02 1.100000000000000000e+02 3.817728682666115397e-02 3.589266363918593855e-02
1.730000000000000000e+02 1.060000000000000000e+02 4.151636778922582205e-02 3.523154896177901202e-02
1.740000000000000000e+02 1.050000000000000000e+02 4.002060811513456079e-02 3.677476646136219190e-02
1.750000000000000000e+02 1.010000000000000000e+02 4.073455647402701024e-02 3.566813012702298863e-02
1.760000000000000000e+02 9.900000000000000000e+01 4.016666183711133098e-02 3.576695724312045632e-02
1.770000000000000000e+02 9.700000000000000000e+01 4.028448749804638962e-02 3.595399464143554658e-02
1.780000000000000000e+02 9.400000000000000000e+01 3.967458796483658984e-02 3.494055907928654559e-02
1.790000000000000000e+02 9.300000000000000000e+01 4.070328402141907415e-02 3.616727546578392405e-02
1.800000000000000000e+02 9.100000000000000000e+01 3.944596957285054911e-02 3.569683989559098436e-02
1.810000000000000000e+02 8.900000000000000000e+01 4.069929548310122214e-02 3.564335109186968220e-02
1.820000000000000000e+02 8.800000000000000000e+01 4.037922973432076651e-02 3.655090733973606620e-02
1.830000000000000000e+02 8.600000000000000000e+01 3.968992553247426003e-02 3.592653731243596743e-02
1.840000000000000000e+02 8.400000000000000000e+01 4.011746986452468383e-02 3.618365352167842580e-02
1.850000000000000000e+02 8.200000000000000000e+01 3.996016345473336201e-02 3.621731524361686272e-02
1.860000000000000000e+02 8.100000000000000000e+01 3.854232479009778861e-02 3.708912879303116056e-02
1.870000000000000000e+02 7.800000000000000000e+01 3.987786854093879757e-02 3.593673024369264946e-02
1.880000000000000000e+02 7.600000000000000000e+01 4.064881253434408925e-02 3.646649291282575561e-02
1.890000000000000000e+02 7.300000000000000000e+01 3.993174271068116593e-02 3.554799226996164380e-02
1.900000000000000000e+02 7.100000000000000000e+01 4.007062862466643366e-02 3.540573440329219945e-02
1.910000000000000000e+02 6.900000000000000000e+01 3.967539723348079139e-02 3.568182988907121073e-02
1.920000000000000000e+02 6.700000000000000000e+01 3.931290268578306601e-02 3.602311003731029776e-02
1.930000000000000000e+02 6.500000000000000000e+01 3.969632260842363009e-02 3.627689283047070418e-02
1.940000000000000000e+02 6.200000000000000000e+01 3.984478486803193220e-02 3.508040840832444413e-02
1.950000000000000000e+02 6.200000000000000000e+01 4.098375341153694812e-02 3.677162572829065224e-02
1.960000000000000000e+02 6.000000000000000000e+01 3.981023680424508604e-02 3.633768432029084450e-02
1.970000000000000000e+02 5.900000000000000000e+01 3.901457158058965063e-02 3.574741918585339073e-02
1.980000000000000000e+02 5.800000000000000000e+01 4.064108594562210880e-02 3.522266627499388847e-02
1.990000000000000000e+02 5.900000000000000000e+01 4.083517554212235529e-02 3.704629535979180044e-02
2.000000000000000000e+02 5.900000000000000000e+01 3.938039954436943491e-02 3.598944831537185390e-02
2.010000000000000000e+02 6.000000000000000000e+01 4.071871793056198313e-02 3.611449958920155690e-02
2.020000000000000000e+02 6.300000000000000000e+01 4.027414042038128528e-02 3.641697337912123966e-02
2.030000000000000000e+02 6.600000000000000000e+01 3.967526235537342794e-02 3.666724934149011295e-02
2.040000000000000000e+02 7.000000000000000000e+01 3.974890580199548495e-02 3.725025032643084627e-02
2.050000000000000000e+02 7.400000000000000000e+01 3.868333021719883025e-02 3.513890697031935711e-02
2.060000000000000000e+02 8.100000000000000000e+01 3.926644681194587511e-02 3.642832240844105784e-02
2.070000000000000000e+02 8.700000000000000000e+01 3.958512524305057845e-02 3.516811771471470283e-02
2.080000000000000000e+02 9.500000000000000000e+01 4.019679745995718284e-02 3.480571950852224400e-02
2.090000000000000000e+02 1.040000000000000000e+02 4.008506058215464962e-02 3.550275029909073787e-02
2.100000000000000000e+02 1.150000000000000000e+02 3.952333180157571041e-02 3.658021442563668540e-02
