1.500000000000000000e+02 1.350000000000000000e+02 3.520442444888851469e-02 3.543089354947535907e-02
1.510000000000000000e+02 1.290000000000000000e+02 3.564826450863803342e-02 3.519868424683864072e-02
1.520000000000000000e+02 1.180000000000000000e+02 3.562839013193439680e-02 3.530854859611164132e-02
1.530000000000000000e+02 1.090000000000000000e+02 3.526058278813743591e-02 3.527862492457735366e-02
1.540000000000000000e+02 1.080000000000000000e+02 3.530798105706246109e-02 3.546417866371141120e-02
1.550000000000000000e+02 9.500000000000000000e+01 3.541806436430196270e-02 3.540735118891686489e-02
1.560000000000000000e+02 9.200000000000000000e+01 3.534212448652721689e-02 3.556738844246641607e-02
1.570000000000000000e+02 8.600000000000000000e+01 3.550736418136090505e-02 3.542982678626255266e-02
1.580000000000000000e+02 8.300000000000000000e+01 3.544510304566959175e-02 3.540822526911913820e-02
1.590000000000000000e+02 7.900000000000000000e+01 3.545364766135443435e-02 3.576025888100918537e-02
1.600000000000000000e+02 7.800000000000000000e+01 3.546834236840245430e-02 3.550543735125567119e-02
1.610000000000000000e+02 7.500000000000000000e+01 3.534974422376155334e-02 3.547833210666622578e-02
1.620000000000000000e+02 7.400000000000000000e+01 3.545501220740169407e-02 3.546153014814857479e-02
1.630000000000000000e+02 7.200000000000000000e+01 3.545765371630959367e-02 3.570518657327411555e-02
1.640000000000000000e+02 7.200000000000000000e+01 3.543531474873500703e-02 3.555086149515470501e-02
1.650000000000000000e+02 7.200000000000000000e+01 3.530296779546138880e-02 3.574000088994822716e-02
1.660000000000000000e+02 7.200000000000000000e+01 3.551412735503027551e-02 3.551283637885977590e-02
1.670000000000000000e+02 7.200000000000000000e+01 3.533941115940630179e-02 3.542727110887752134e-02
1.680000000000000000e+02 7.100000000000000000e+01 3.542640053200269562e-02 3.554663648223304467e-02
1.690000000000000000e+02 7.200000000000000000e+01 3.570583644051870259e-02 3.554503020659077750e-02
1.700000000000000000e+02 7.400000000000000000e+01 3.544068885306488059e-02 3.556689797662145047e-02
1.710000000000000000e+02 7.100000000000000000e+01 3.558747126715415543e-02 3.553156166415518541e-02
1.720000000000000000e+02 7.000000000000000000e+01 3.567086447410868638e-02 3.562854252667908145e-02
1.730000000000000000e+02 7.000000000000000000e+01 3.538478275339336510e-02 3.578391509971024648e-02
1.740000000000000000e+02 7.000000000000000000e+01 3.561078591142749494e-02 3.539290171479133468e-02
1.750000000000000000e+02 7.400000000000000000e+01 3.514545118602222656e-02 3.526839871170975305e-02
1.760000000000000000e+02 7.300000000000000000e+01 3.539070688013509769e-02 3.563056569828958881e-02
1.770000000000000000e+02 7.200000000000000000e+01 3.534568211556696204e-02 3.526641407670137035e-02
1.780000000000000000e+02 7.100000000000000000e+01 3.531840520793178007e-02 3.548289343902443632e-02
1.790000000000000000e+02 7.100000000000000000e+01 3.539513158272220711e-02 3.543637275362915284e-02
1.800000000000000000e+02 7.100000000000000000e+01 3.542702937928250001e-02 3.550068683921440288e-02
1.810000000000000000e+02 7.900000000000000000e+01 3.543486457115586907e-02 3.533411062495316751e-02
1.820000000000000000e+02 8.500000000000000000e+01 3.513398304356860763e-02 3.558249479049145625e-02
1.830000000000000000e+02 7.600000000000000000e+01 3.535778436029157756e-02 3.525456932654536663e-02
1.840000000000000000e+02 9.000000000000000000e+01 3.535221056629625491e-02 3.538303284132506693e-02
1.850000000000000000e+02 8.100000000000000000e+01 3.508927533013597722e-02 3.515942595927636777e-02
1.860000000000000000e+02 9.900000000000000000e+01 3.491850037790906330e-02 3.566170152112644459e-02
1.870000000000000000e+02 8.300000000000000000e+01 3.537647286064860702e-02 3.509635555494084597e-02
1.880000000000000000e+02 9.900000000000000000e+01 3.454994682536224881e-02 3.550337914637053532e-02
1.890000000000000000e+02 9.600000000000000000e+01 3.494911945994497171e-02 3.608601228192754445e-02
1.900000000000000000e+02 8.500000000000000000e+01 3.479303571143860935e-02 3.468879770607289498e-02
1.910000000000000000e+02 9.000000000000000000e+01 3.475403141511745897e-02 3.537665678534047953e-02
1.920000000000000000e+02 1.110000000000000000e+02 3.507502029068471083e-02 3.549939586304390327e-02
1.930000000000000000e+02 1.570000000000000000e+02 3.506306518571360165e-02 3.519303863463031645e-02
1.940000000000000000e+02 1.160000000000000000e+02 3.474048930280513453e-02 3.540655243025504773e-02
1.950000000000000000e+02 1.170000000000000000e+02 3.514108954332947204e-02 3.543293073439570534e-02
1.960000000000000000e+02 8.600000000000000000e+01 3.528061656624066622e-02 3.519640533232327312e-02
1.970000000000000000e+02 1.600000000000000000e+02 3.480977811338936689e-02 3.527134325844330509e-02
1.980000000000000000e+02 9.100000000000000000e+01 3.502047698539672432e-02 3.488042971835710049e-02
1.990000000000000000e+02 1.200000000000000000e+02 3.489359872629451548e-02 3.504031107383451249e-02
2.000000000000000000e+02 1.220000000000000000e+02 3.518626845430600919e-02 3.521959560847164050e-02
2.010000000000000000e+02 1.000000000000000000e+02 3.486922958045449161e-02 3.522767428160375469e-02
2.020000000000000000e+02 1.510000000000000000e+02 3.491760002275080821e-02 3.518801311138310822e-02
2.030000000000000000e+02 3.300000000000000000e+01 3.503048073697035553e-02 3.519857389202352832e-02
2.040000000000000000e+02 1.240000000000000000e+02 3.551084298553271873e-02 3.504369353650106655e-02
2.050000000000000000e+02 1.650000000000000000e+02 3.496310299151778045e-02 3.538822652429054333e-02
2.060000000000000000e+02 1.560000000000000000e+02 3.549537404311516042e-02 3.554174934042067524e-02
2.070000000000000000e+02 1.730000000000000000e+02 3.526397400912265057e-02 3.519325584093307979e-02
2.080000000000000000e+02 1.990000000000000000e+02 3.520915744429246180e-02 3.505802915248400209e-02
2.090000000000000000e+02 2.280000000000000000e+02 3.554404401990964024e-02 3.503031082558834275e-02
2.100000000000000000e+02 3.210000000000000000e+02 3.504257247171256584e-02 3.563971814128944621e-02
