1.500000000000000000e+02 2.130000000000000000e+02 3.603397735910382482e-02 3.822665221395725454e-02
1.510000000000000000e+02 1.500000000000000000e+02 3.982694242125747741e-02 3.961117598607333257e-02
1.520000000000000000e+02 1.810000000000000000e+02 4.200202531725012040e-02 3.973892482205036020e-02
1.530000000000000000e+02 1.740000000000000000e+02 4.491045975129492190e-02 3.939334784267660428e-02
1.540000000000000000e+02 1.700000000000000000e+02 4.635003305951752861e-02 3.972376066912217812e-02
1.550000000000000000e+02 1.660000000000000000e+02 4.917673136049831306e-02 4.011906913351202808e-02
1.560000000000000000e+02 1.620000000000000000e+02 5.041489311782079707e-02 4.069906426348859907e-02
1.570000000000000000e+02 1.610000000000000000e+02 5.188306058480508798e-02 3.967004064578824596e-02
1.580000000000000000e+02 1.620000000000000000e+02 5.290406858926766792e-02 3.993723417648106788e-02
1.590000000000000000e+02 1.570000000000000000e+02 5.472900791853714531e-02 3.862978360857437232e-02
1.600000000000000000e+02 1.560000000000000000e+02 5.309879403970265560e-02 3.928124486715407065e-02
1.610000000000000000e+02 1.550000000000000000e+02 5.756911695705034526e-02 3.941843517064674840e-02
1.620000000000000000e+02 1.520000000000000000e+02 6.072243222916937078e-02 3.926527144558167315e-02
1.630000000000000000e+02 1.490000000000000000e+02 6.414613956995590671e-02 3.949034447017409077e-02
1.640000000000000000e+02 1.450000000000000000e+02 6.666113456481294330e-02 4.000831493906317760e-02
1.650000000000000000e+02 1.410000000000000000e+02 7.071541632583845660e-02 3.920099239327106549e-02
1.660000000000000000e+02 1.370000000000000000e+02 7.691662999501915066e-02 3.930138024175376665e-02
1.670000000000000000e+02 1.320000000000000000e+02 8.144508537664177372e-02 3.919721580626481239e-02
1.680000000000000000e+02 1.290000000000000000e+02 8.557405107254614784e-02 3.916648286608631624e-02
1.690000000000000000e+02 1.240000000000000000e+02 9.313693630879486818e-02 3.940874321521742329e-02
1.700000000000000000e+02 1.210000000000000000e+02 9.978299724437093843e-02 4.023502576924502944e-02
1.710000000000000000e+02 1.170000000000000000e+02 1.060288170304878458e-01 3.886106102610563384e-02
1.720000000000000000e+02 1.130000000000000000e+02 1.079155112646300457e-01 3.935288441046667918e-02
1.730000000000000000e+02 1.120000000000000000e+02 1.148403267115304383e-01 4.053393492347003718e-02
1.740000000000000000e+02 1.080000000000000000e+02 1.173506973141348747e-01 4.045747830489433011e-02
1.750000000000000000e+02 1.060000000000000000e+02 1.219102324653549285e-01 4.077118551432751953e-02
1.760000000000000000e+02 1.030000000000000000e+02 1.231200698201304761e-01 4.020845478209385954e-02
1.770000000000000000e+02 1.010000000000000000e+02 1.244372508800685867e-01 4.007107179559064869e-02
1.780000000000000000e+02 9.800000000000000000e+01 1.260023957062493538e-01 4.036774582689357099e-02
1.790000000000000000e+02 9.700000000000000000e+01 1.295380518761499733e-01 4.050780710724305456e-02
1.800000000000000000e+02 9.400000000000000000e+01 1.305235098651710002e-01 3.982532388396906736e-02
1.810000000000000000e+02 9.300000000000000000e+01 1.319765324475281609e-01 4.025564285137103737e-02
1.820000000000000000e+02 9.100000000000000000e+01 1.303978998106107845e-01 4.058241396891772157e-02
1.830000000000000000e+02 8.900000000000000000e+01 1.329819331281383854e-01 3.994729222963040727e-02
1.840000000000000000e+02 8.700000000000000000e+01 1.316826523198778853e-01 4.015377134370730350e-02
1.850000000000000000e+02 8.500000000000000000e+01 1.314869441860891941e-01 4.021313697924956687e-02
1.860000000000000000e+02 8.200000000000000000e+01 1.309573549316655483e-01 3.921858435213185223e-02
1.870000000000000000e+02 8.100000000000000000e+01 1.285100687467064795e-01 4.025036333688269963e-02
1.880000000000000000e+02 7.900000000000000000e+01 1.268788914528193590e-01 4.046088879418059669e-02
1.890000000000000000e+02 7.600000000000000000e+01 1.247143290492012668e-01 4.022306015429152892e-02
1.900000000000000000e+02 7.400000000000000000e+01 1.226589215710447017e-01 4.023059406000299015e-02
1.910000000000000000e+02 7.100000000000000000e+01 1.190782161132837025e-01 4.006311398725603129e-02
1.920000000000000000e+02 6.900000000000000000e+01 1.131467779271368851e-01 3.977609337478033025e-02
1.930000000000000000e+02 6.700000000000000000e+01 1.065918945921404404e-01 4.009746936803236517e-02
1.940000000000000000e+02 6.500000000000000000e+01 1.001225239772142728e-01 3.967969406461546722e-02
1.950000000000000000e+02 6.400000000000000000e+01 9.709160095337977803e-02 4.086498360385031753e-02
1.960000000000000000e+02 6.200000000000000000e+01 9.376452414237070043e-02 3.933876074579531479e-02
1.970000000000000000e+02 6.100000000000000000e+01 9.162227443137126170e-02 3.949155837314039658e-02
1.980000000000000000e+02 6.100000000000000000e+01 9.069600866318304477e-02 4.061858056999295696e-02
1.990000000000000000e+02 6.100000000000000000e+01 8.898673694513076216e-02 4.079779503808079327e-02
2.000000000000000000e+02 6.100000000000000000e+01 8.879066271362213991e-02 3.980289558154415097e-02
2.010000000000000000e+02 6.300000000000000000e+01 8.985120927184413187e-02 4.030855360606078186e-02
2.020000000000000000e+02 6.500000000000000000e+01 9.012923158772838395e-02 3.979476435850005933e-02
2.030000000000000000e+02 6.800000000000000000e+01 8.863952216016754426e-02 4.078881600979041011e-02
2.040000000000000000e+02 7.200000000000000000e+01 8.912460163916026412e-02 3.981468778178818418e-02
2.050000000000000000e+02 7.700000000000000000e+01 8.926493267572446766e-02 3.941512102286574837e-02
2.060000000000000000e+02 8.300000000000000000e+01 8.883052882849942766e-02 3.948377397951524648e-02
2.070000000000000000e+02 9.100000000000000000e+01 8.814147511456660311e-02 3.939791443002600702e-02
2.080000000000000000e+02 1.000000000000000000e+02 8.510899135834679163e-02 4.046472318609001251e-02
2.090000000000000000e+02 1.090000000000000000e+02 8.339987378670296603e-02 3.966580161955673978e-02
2.100000000000000000e+02 1.190000000000000000e+02 7.905238628856393890e-02 3.962996257959937318e-02
