1.500000000000000000e+02 1.440000000000000000e+02 8.557707619581139680e-02 5.731943831201408157e-02
1.510000000000000000e+02 1.410000000000000000e+02 8.742991602500464754e-02 5.931418917845785593e-02
1.520000000000000000e+02 1.400000000000000000e+02 9.121632986480049388e-02 5.860925838445790736e-02
1.530000000000000000e+02 1.380000000000000000e+02 9.618706982877858747e-02 5.991439675623833061e-02
1.540000000000000000e+02 1.370000000000000000e+02 9.918367600843890075e-02 5.900358416549410928e-02
1.550000000000000000e+02 1.380000000000000000e+02 1.018148588586415548e-01 5.859740837931071838e-02
1.560000000000000000e+02 1.380000000000000000e+02 1.033556485522921231e-01 6.056701411288117898e-02
1.570000000000000000e+02 1.390000000000000000e+02 1.045937332364104133e-01 5.952161243928631718e-02
1.580000000000000000e+02 1.400000000000000000e+02 1.029210520220565361e-01 6.078079591305691337e-02
1.590000000000000000e+02 1.390000000000000000e+02 1.039140439167889896e-01 5.867910597577264548e-02
1.600000000000000000e+02 1.400000000000000000e+02 1.022031151248462416e-01 5.889192436089576987e-02
1.610000000000000000e+02 1.400000000000000000e+02 1.053569506410936829e-01 5.946631241526610656e-02
1.620000000000000000e+02 1.390000000000000000e+02 1.075133625533666176e-01 5.933191601542601307e-02
1.630000000000000000e+02 1.390000000000000000e+02 1.093717901898650785e-01 5.959733686242203038e-02
1.640000000000000000e+02 1.360000000000000000e+02 1.127665758107720129e-01 5.805173009350837049e-02
1.650000000000000000e+02 1.350000000000000000e+02 1.149572852989181188e-01 5.891514266366384284e-02
1.660000000000000000e+02 1.330000000000000000e+02 1.227776143055271524e-01 6.007547975303591248e-02
1.670000000000000000e+02 1.290000000000000000e+02 1.269689514919380147e-01 5.899818904119942531e-02
1.680000000000000000e+02 1.280000000000000000e+02 1.311495947712647547e-01 6.023897128746504015e-02
1.690000000000000000e+02 1.240000000000000000e+02 1.376372317355885611e-01 5.932440137801559682e-02
1.700000000000000000e+02 1.220000000000000000e+02 1.391373653140186573e-01 6.012201270007732495e-02
1.710000000000000000e+02 1.200000000000000000e+02 1.452594826073795031e-01 6.015698466648732035e-02
1.720000000000000000e+02 1.160000000000000000e+02 1.470788919342469192e-01 5.911052323633460975e-02
1.730000000000000000e+02 1.150000000000000000e+02 1.486733438463282708e-01 5.948163071460271095e-02
1.740000000000000000e+02 1.120000000000000000e+02 1.496168162073562569e-01 5.929559526794234842e-02
1.750000000000000000e+02 1.110000000000000000e+02 1.510008582719460646e-01 5.891398656560069280e-02
1.760000000000000000e+02 1.090000000000000000e+02 1.503580677488398909e-01 5.961265516175864171e-02
1.770000000000000000e+02 1.080000000000000000e+02 1.502202993963156485e-01 6.060227510380696014e-02
1.780000000000000000e+02 1.060000000000000000e+02 1.481813277789567340e-01 5.980899914948201862e-02
1.790000000000000000e+02 1.060000000000000000e+02 1.479711106144756816e-01 6.157744382006602457e-02
1.800000000000000000e+02 1.030000000000000000e+02 1.459309828990536517e-01 5.904530003727241627e-02
1.810000000000000000e+02 1.020000000000000000e+02 1.442955858472360631e-01 5.909973298774528344e-02
1.820000000000000000e+02 1.010000000000000000e+02 1.403398999826953597e-01 5.981227476066090787e-02
1.830000000000000000e+02 1.000000000000000000e+02 1.389477652316636336e-01 5.975061619729341716e-02
1.840000000000000000e+02 9.800000000000000000e+01 1.363187018945767326e-01 5.940224531426705618e-02
1.850000000000000000e+02 9.700000000000000000e+01 1.329983882572370602e-01 5.875405966686626097e-02
1.860000000000000000e+02 9.600000000000000000e+01 1.280473983018376172e-01 6.004908218059420294e-02
1.870000000000000000e+02 9.500000000000000000e+01 1.231909193630999350e-01 6.018492370301321837e-02
1.880000000000000000e+02 9.200000000000000000e+01 1.198477727890132349e-01 5.960128686413776467e-02
1.890000000000000000e+02 9.100000000000000000e+01 1.163983615346228795e-01 5.987383698252315284e-02
1.900000000000000000e+02 8.900000000000000000e+01 1.104740333515643186e-01 6.047789822051408137e-02
1.910000000000000000e+02 8.700000000000000000e+01 1.057384630019300858e-01 6.055786166988131464e-02
1.920000000000000000e+02 8.500000000000000000e+01 9.846159642650235966e-02 5.961304052777968709e-02
1.930000000000000000e+02 8.300000000000000000e+01 9.084387360545868872e-02 6.008713707517258223e-02
1.940000000000000000e+02 8.200000000000000000e+01 8.572515308939863965e-02 5.974782229364083985e-02
1.950000000000000000e+02 8.000000000000000000e+01 8.021807996562857479e-02 5.921168181685939474e-02
1.960000000000000000e+02 8.100000000000000000e+01 7.610718793611127853e-02 6.198747326645984851e-02
1.970000000000000000e+02 7.900000000000000000e+01 7.232674726964165302e-02 5.911485860407136861e-02
1.980000000000000000e+02 7.900000000000000000e+01 6.986262058956282939e-02 5.835115949186177320e-02
1.990000000000000000e+02 8.100000000000000000e+01 6.826739794543937312e-02 5.972527838140957029e-02
2.000000000000000000e+02 8.300000000000000000e+01 6.608921285297732207e-02 6.043001649239899964e-02
