1.500000000000000000e+02 1.700000000000000000e+02 7.521959364813511802e-03 1.853976658955354059e-02
1.510000000000000000e+02 1.520000000000000000e+02 2.138280440982669867e-02 2.026505026578030375e-02
1.520000000000000000e+02 1.370000000000000000e+02 2.135457634878501834e-02 2.124734825342872863e-02
1.530000000000000000e+02 1.250000000000000000e+02 2.110302867854669043e-02 1.970068172795718525e-02
1.540000000000000000e+02 1.190000000000000000e+02 2.040840642560973195e-02 2.068953093796340945e-02
1.550000000000000000e+02 1.110000000000000000e+02 2.017073193212908649e-02 1.985829643056534824e-02
1.560000000000000000e+02 1.070000000000000000e+02 2.056939308090205420e-02 2.030387589240077381e-02
1.570000000000000000e+02 1.010000000000000000e+02 1.988700619913334050e-02 2.032536004807413560e-02
1.580000000000000000e+02 9.800000000000000000e+01 2.016649290589756990e-02 2.079232732407766335e-02
1.590000000000000000e+02 9.500000000000000000e+01 2.083202002424548727e-02 1.983344032220782718e-02
1.600000000000000000e+02 9.300000000000000000e+01 2.091400664522320360e-02 2.043066131332518798e-02
1.610000000000000000e+02 9.100000000000000000e+01 2.000897454479466653e-02 1.958507192164313584e-02
1.620000000000000000e+02 9.000000000000000000e+01 1.985829643056535171e-02 2.020522219101277689e-02
1.630000000000000000e+02 9.000000000000000000e+01 1.856693489403734784e-02 1.910288268780825638e-02
1.640000000000000000e+02 9.000000000000000000e+01 2.020820877767589424e-02 2.024934660042264356e-02
1.650000000000000000e+02 9.000000000000000000e+01 1.938294744360406080e-02 2.002342577058392400e-02
1.660000000000000000e+02 9.100000000000000000e+01 1.986956838668097261e-02 1.979490372010314636e-02
1.670000000000000000e+02 9.100000000000000000e+01 1.946348894200285173e-02 1.923573762356416486e-02
1.680000000000000000e+02 9.200000000000000000e+01 1.918380955222809964e-02 1.947861455832893690e-02
1.690000000000000000e+02 9.300000000000000000e+01 2.021061731530743311e-02 1.976571224400884563e-02
1.700000000000000000e+02 9.200000000000000000e+01 1.902889241176726129e-02 1.858543246304759575e-02
1.710000000000000000e+02 9.300000000000000000e+01 1.937841939285675844e-02 1.942697551150865745e-02
1.720000000000000000e+02 9.300000000000000000e+01 1.841924336647114691e-02 1.890123991729549327e-02
1.730000000000000000e+02 9.300000000000000000e+01 1.884025574446483026e-02 1.889603747601135975e-02
1.740000000000000000e+02 9.400000000000000000e+01 1.886077648508557858e-02 1.977862200571391463e-02
1.750000000000000000e+02 9.400000000000000000e+01 1.950867310797059148e-02 2.014365996915054580e-02
1.760000000000000000e+02 9.400000000000000000e+01 1.948381699961307389e-02 1.952813409203346326e-02
1.770000000000000000e+02 9.500000000000000000e+01 1.954480117244373691e-02 1.956782679220128718e-02
1.780000000000000000e+02 9.700000000000000000e+01 1.983469276177622989e-02 2.011870751928776513e-02
1.790000000000000000e+02 9.800000000000000000e+01 1.878042766969730340e-02 1.945029015578199696e-02
1.800000000000000000e+02 1.000000000000000000e+02 1.949123529551822359e-02 1.992852938790113868e-02
1.810000000000000000e+02 1.020000000000000000e+02 1.848571900510172228e-02 1.963613291943184375e-02
1.820000000000000000e+02 1.040000000000000000e+02 1.890345577191651291e-02 1.964933170565269158e-02
1.830000000000000000e+02 1.070000000000000000e+02 2.018190754673944778e-02 1.999770258867904563e-02
1.840000000000000000e+02 1.090000000000000000e+02 1.893553749316866444e-02 1.951454993979155617e-02
1.850000000000000000e+02 1.100000000000000000e+02 1.923255835389052135e-02 1.961214388462167307e-02
1.860000000000000000e+02 1.130000000000000000e+02 1.936088523889912746e-02 1.940211940315113986e-02
1.870000000000000000e+02 1.140000000000000000e+02 1.849891779132258052e-02 1.941502916485620886e-02
1.880000000000000000e+02 1.150000000000000000e+02 1.904498144314597033e-02 1.888833015559042081e-02
1.890000000000000000e+02 1.170000000000000000e+02 1.899382410385200282e-02 1.975973907068261440e-02
1.900000000000000000e+02 1.180000000000000000e+02 1.822916157658978006e-02 1.901126191630436724e-02
1.910000000000000000e+02 1.190000000000000000e+02 1.834332626032491101e-02 1.917668028083872878e-02
1.920000000000000000e+02 1.230000000000000000e+02 1.939489379025650939e-02 1.995165134916395203e-02
1.930000000000000000e+02 1.230000000000000000e+02 1.925712543773226357e-02 1.949759383486550021e-02
1.940000000000000000e+02 1.260000000000000000e+02 1.876905937207642289e-02 1.909662048996624978e-02
1.950000000000000000e+02 1.290000000000000000e+02 1.981378665513443965e-02 1.964904268113690927e-02
1.960000000000000000e+02 1.340000000000000000e+02 2.047285889262981731e-02 2.050214671022938112e-02
1.970000000000000000e+02 1.390000000000000000e+02 2.017805388652897658e-02 1.974538418639862347e-02
1.980000000000000000e+02 1.450000000000000000e+02 2.077556390216211968e-02 1.953853897460173031e-02
1.990000000000000000e+02 1.540000000000000000e+02 1.956474386403291368e-02 2.049048938809270790e-02
2.000000000000000000e+02 1.660000000000000000e+02 2.035801981835785868e-02 2.033663200418975997e-02
